
Mean
[-6.96805542e+02 -2.25853418e+03 -1.34595679e+03 -1.11699450e+00
  5.86712211e-02 -1.07630253e+00  3.19620800e+01  2.18175774e+01
 -3.43563194e+01 -3.16794373e+02 -1.14215515e+02 -1.60282751e+03
 -2.34029472e-01 -5.03993154e-01 -7.03439653e-01  7.47513914e+00
  2.69293461e+01 -3.57804832e+01 -3.46590729e+02 -1.82277844e+03
 -1.72432056e+03 -1.27731073e+00 -2.57041603e-01 -3.78725111e-01
  9.31902599e+00  2.67350693e+01 -3.00858269e+01 -2.16260269e+02
  2.93784943e+02 -5.63845581e+02 -2.28240028e-01 -2.25193590e-01
 -6.19725347e-01  7.64884233e+00  2.62607403e+01 -3.29219246e+01
 -3.30930664e+02 -1.08913989e+03 -1.42398950e+03 -9.96334553e-01
 -9.73807927e-03 -2.20419630e-01  2.81873083e+00  2.35137424e+01
 -3.13092594e+01  2.39130508e+02 -1.68099585e+03 -2.52542114e+03
 -1.48842512e-02 -1.63395017e-01 -4.47753400e-01  1.08532734e+01
  2.09372749e+01 -4.61218376e+01  1.10423950e+03 -1.25824939e+03
 -3.75632471e+03 -1.44030523e+00  4.82494123e-02  7.91183561e-02
  5.89785719e+00  2.82478294e+01 -7.24016800e+01 -9.28175781e+02
  9.93521667e+02  3.95115112e+03 -3.51719826e-01 -5.98796785e-01
 -2.33891919e-01  5.38646889e+01 -3.33873701e+00 -2.15550632e+01]
Std
[6945.848    2686.427    2871.097      32.93815    37.17426    27.305304
   17.970592   44.100662   27.643883 7298.917    2551.3857   3329.0312
   51.304676   49.43646    31.335526   16.893368   47.71109    32.661713
 6938.176    2715.3987   3296.7        44.91464    41.5619     31.240667
   22.5143     53.592587   46.943756 7372.4243   2737.9797   3452.1938
   49.012985   50.870693   31.164236   19.169243   41.900204   35.39268
 7077.101    2801.966    3288.3171     43.516663   43.00801    30.701008
   23.039852   70.481316   48.276485 5794.938    3421.688    4203.817
   44.632915   45.571747   34.52821    23.115152   35.290333   37.143223
 6662.959    4907.151    4953.2593     33.83719    76.69994    47.600132
   38.09727    62.66252    63.31026  6549.3613   2293.787    2729.528
   15.296869   30.679577   17.03959    15.159824   43.69038    22.054604]
Max
[15861. 11993. 11564.   317.   496.   334.   125.    91.    47. 15892.
 14565. 14710.   620.   996.   335.    77.    89.    60. 15803. 13294.
 14115.   440.   691.   334.    76.   141.    69. 15994. 14384. 14890.
   497.  1088.   297.    79.    90.  5102. 15738. 12880. 12703.   401.
   711.   333.    83.   141.    67. 15459. 14029. 15195.   605.  1338.
   515.    91.    89.    80. 16095. 16305. 15268.  4853.   917.   399.
 12263. 10005.    69. 14986.  9420. 15614.   143.   450.   182.   106.
    53.    29.]
Min
[-1.6198e+04 -1.4711e+04 -1.1353e+04 -3.3600e+02 -9.9800e+02 -4.1600e+02
 -3.4000e+01 -8.5000e+01 -1.5300e+02 -1.6571e+04 -1.4554e+04 -1.5535e+04
 -5.3900e+02 -6.5500e+02 -2.6800e+02 -4.6000e+01 -5.5000e+01 -1.3600e+02
 -1.6414e+04 -1.4992e+04 -1.5140e+04 -5.4300e+02 -5.8000e+02 -4.6200e+02
 -6.8000e+01 -7.2000e+01 -1.6400e+02 -1.6419e+04 -1.4184e+04 -1.5454e+04
 -5.3400e+02 -7.4600e+02 -4.0600e+02 -4.7000e+01 -4.3000e+01 -1.3600e+02
 -1.6552e+04 -1.5281e+04 -1.4352e+04 -4.4000e+02 -7.2300e+02 -4.0900e+02
 -7.0000e+01 -7.1000e+01 -1.5200e+02 -1.6015e+04 -1.5723e+04 -1.5722e+04
 -5.9800e+02 -9.3100e+02 -7.2300e+02 -4.5000e+01 -8.8000e+01 -1.5300e+02
 -1.6672e+04 -1.5108e+04 -2.9679e+04 -5.2200e+02 -3.2615e+04 -1.5807e+04
 -7.1000e+01 -9.5000e+01 -1.1966e+04 -1.6042e+04 -1.4300e+04 -9.0130e+03
 -1.3300e+02 -4.4600e+02 -1.5200e+02 -6.0000e+00 -9.8000e+01 -1.0500e+02]

Video1
mean=0.2959
std=0.9831

Video2
mean=0.3505
std=1.061